{
    "run_id": "20260619_162107",
    "calibration_mode": "eye_in_hand",
    "description": {
        "setup": "camera attached to gripper, ChArUco target fixed on floor/table",
        "robot_pose": "myCobot get_coords() interpreted as ^bT_g, gripper to base",
        "vision_pose": "ChArUco solvePnP interpreted as ^cT_t, target to camera",
        "handeye_output": "^gT_c, camera to gripper",
        "validation": "^bT_t_i = ^bT_g_i @ ^gT_c @ ^cT_t_i should be nearly constant because target is fixed"
    },
    "selected_key": "zyx:HORAUD",
    "selected_method": "HORAUD",
    "selected_euler_order": "zyx",
    "valid_indices": [
        1,
        2,
        3,
        4,
        5,
        6,
        8,
        9,
        10,
        11,
        12,
        13,
        14,
        15,
        16,
        17,
        18,
        19
    ],
    "max_reprojection_error_filter_px": 2.0,
    "all_results": {
        "zyx:TSAI": {
            "euler_order": "zyx",
            "method": "TSAI",
            "T_gripper_camera": [
                [
                    0.6990260109047424,
                    0.7150957026014353,
                    0.0008787488621834372,
                    -42.00650190182612
                ],
                [
                    -0.7150937930997232,
                    0.6990263050928305,
                    -0.00175836813990273,
                    -43.36073814529314
                ],
                [
                    -0.0018716700706723386,
                    0.0006007572094973771,
                    0.9999980679690947,
                    26.583726138231984
                ],
                [
                    0.0,
                    0.0,
                    0.0,
                    1.0
                ]
            ],
            "T_camera_gripper": [
                [
                    0.6990260109047424,
                    -0.7150937930997232,
                    -0.0018716700706723386,
                    -1.5936012908456636
                ],
                [
                    0.7150957026014353,
                    0.6990263050928305,
                    0.0006007572094973771,
                    60.33299519798405
                ],
                [
                    0.0008787488621834372,
                    -0.00175836813990273,
                    0.9999980679690947,
                    -26.623005752378322
                ],
                [
                    0.0,
                    0.0,
                    0.0,
                    1.0
                ]
            ],
            "T_cam2gripper": [
                [
                    0.6990260109047424,
                    0.7150957026014353,
                    0.0008787488621834372,
                    -42.00650190182612
                ],
                [
                    -0.7150937930997232,
                    0.6990263050928305,
                    -0.00175836813990273,
                    -43.36073814529314
                ],
                [
                    -0.0018716700706723386,
                    0.0006007572094973771,
                    0.9999980679690947,
                    26.583726138231984
                ],
                [
                    0.0,
                    0.0,
                    0.0,
                    1.0
                ]
            ],
            "t_gripper_camera_mm": [
                -42.00650190182612,
                -43.36073814529314,
                26.583726138231984
            ],
            "validation": {
                "target_position_mean_mm": [
                    367.3503841131355,
                    234.95098145783263,
                    13.881913871791038
                ],
                "target_position_std_mm": [
                    1.1939426457534021,
                    2.0797895263932165,
                    2.5815783133478702
                ],
                "target_position_error_mean_mm": 3.149965013086737,
                "target_position_error_rms_mm": 3.5235734848859885,
                "target_position_error_max_mm": 6.343818316058379,
                "target_position_samples_mm": [
                    [
                        369.2419082968187,
                        235.2781672952592,
                        15.941981766861403
                    ],
                    [
                        366.709463868929,
                        232.0280583329005,
                        9.48399976892054
                    ],
                    [
                        367.63760735709684,
                        229.9940474000356,
                        9.933453617218618
                    ],
                    [
                        365.77760163304947,
                        232.05951583591693,
                        8.768363727781377
                    ],
                    [
                        367.3691446497063,
                        235.5406812112507,
                        11.014156481174382
                    ],
                    [
                        368.63133697465395,
                        235.23499279975647,
                        15.682654244556971
                    ],
                    [
                        365.8583765291889,
                        237.11211524332697,
                        15.768644023397371
                    ],
                    [
                        365.8289596046833,
                        235.41884953351104,
                        12.854223547456456
                    ],
                    [
                        368.36281382068154,
                        238.16481620588584,
                        16.452286605205444
                    ],
                    [
                        366.4827261013214,
                        233.7189258805077,
                        12.161152257860522
                    ],
                    [
                        366.90951612241486,
                        234.82459020304475,
                        15.285370121969493
                    ],
                    [
                        367.36738064535496,
                        234.9413394817931,
                        16.156107636319263
                    ],
                    [
                        366.7962358303813,
                        235.60574804113807,
                        14.16677233532377
                    ],
                    [
                        368.66815787017015,
                        235.49030468540187,
                        14.618363965225626
                    ],
                    [
                        368.986794860645,
                        234.4703557959596,
                        15.12899748240693
                    ],
                    [
                        365.27485493580684,
                        237.75137746199934,
                        13.214760558759338
                    ],
                    [
                        367.71219049438423,
                        237.86941122882843,
                        18.07246561494398
                    ],
                    [
                        368.69184444115257,
                        233.61436960446986,
                        15.170695936857214
                    ]
                ]
            },
            "quality": {
                "max_std_mm": 2.5815783133478702,
                "rms_mm": 3.5235734848859885,
                "level": "좋음 - pick-and-place 시연에 적당"
            },
            "score": 4.168968063222956
        },
        "zyx:PARK": {
            "euler_order": "zyx",
            "method": "PARK",
            "T_gripper_camera": [
                [
                    0.7030438239440061,
                    0.7111454456214259,
                    -0.0012396717675569918,
                    -41.662494479050984
                ],
                [
                    -0.7111461777878796,
                    0.7030441367545143,
                    -0.00023578123143960116,
                    -43.977043697712695
                ],
                [
                    0.0007038692187797822,
                    0.0010473523777752602,
                    0.9999992038102428,
                    27.86065817201988
                ],
                [
                    0.0,
                    0.0,
                    0.0,
                    1.0
                ]
            ],
            "T_camera_gripper": [
                [
                    0.7030438239440061,
                    -0.7111461777878796,
                    0.0007038692187797822,
                    -2.003157362143124
                ],
                [
                    0.7111454456214259,
                    0.7030441367545143,
                    0.0010473523777752602,
                    60.51671599889603
                ],
                [
                    -0.0012396717675569918,
                    -0.00023578123143960116,
                    0.9999992038102428,
                    -27.92265276933901
                ],
                [
                    0.0,
                    0.0,
                    0.0,
                    1.0
                ]
            ],
            "T_cam2gripper": [
                [
                    0.7030438239440061,
                    0.7111454456214259,
                    -0.0012396717675569918,
                    -41.662494479050984
                ],
                [
                    -0.7111461777878796,
                    0.7030441367545143,
                    -0.00023578123143960116,
                    -43.977043697712695
                ],
                [
                    0.0007038692187797822,
                    0.0010473523777752602,
                    0.9999992038102428,
                    27.86065817201988
                ],
                [
                    0.0,
                    0.0,
                    0.0,
                    1.0
                ]
            ],
            "t_gripper_camera_mm": [
                -41.662494479050984,
                -43.977043697712695,
                27.86065817201988
            ],
            "validation": {
                "target_position_mean_mm": [
                    368.5512183287782,
                    235.63523890923457,
                    13.719665089420252
                ],
                "target_position_std_mm": [
                    1.1320264586670252,
                    1.9922736843320346,
                    2.4044194153884577
                ],
                "target_position_error_mean_mm": 2.962796021804451,
                "target_position_error_rms_mm": 3.3214260584124284,
                "target_position_error_max_mm": 6.075523926774073,
                "target_position_samples_mm": [
                    [
                        370.59738750844144,
                        235.96027756075318,
                        15.982994917227074
                    ],
                    [
                        368.26363048991504,
                        232.55576163300466,
                        9.826772755487326
                    ],
                    [
                        368.54502759497996,
                        231.03203818394718,
                        9.754504847723467
                    ],
                    [
                        367.24731667081835,
                        232.91240454666377,
                        9.179974550786767
                    ],
                    [
                        368.78905263701876,
                        236.02002650358128,
                        11.130859575486028
                    ],
                    [
                        369.8840284448081,
                        235.69193411562463,
                        15.321258025729634
                    ],
                    [
                        367.0154086517545,
                        237.8087212903883,
                        15.449299772452946
                    ],
                    [
                        366.8402973010577,
                        236.28312879834698,
                        12.517150037990405
                    ],
                    [
                        369.6529672687583,
                        238.66682556382244,
                        16.21949778981522
                    ],
                    [
                        367.60751207204834,
                        234.62386320796864,
                        12.16343831926389
                    ],
                    [
                        368.06779648483405,
                        235.67038620131515,
                        15.199879597047243
                    ],
                    [
                        368.31562990517295,
                        235.79875639080583,
                        15.82190268108863
                    ],
                    [
                        368.1522384859861,
                        236.21827928537573,
                        14.117513323277365
                    ],
                    [
                        369.7284919601086,
                        236.03558229731334,
                        14.050448198220664
                    ],
                    [
                        369.66027988624455,
                        235.28363118210595,
                        14.384249742692361
                    ],
                    [
                        366.848411115815,
                        238.20687917035963,
                        13.195008280905881
                    ],
                    [
                        368.7949734446228,
                        238.51299283672148,
                        17.727344251473113
                    ],
                    [
                        369.91147999562304,
                        234.15281159812403,
                        14.911874942896503
                    ]
                ]
            },
            "quality": {
                "max_std_mm": 2.4044194153884577,
                "rms_mm": 3.3214260584124284,
                "level": "좋음 - pick-and-place 시연에 적당"
            },
            "score": 3.9225309122595426
        },
        "zyx:HORAUD": {
            "euler_order": "zyx",
            "method": "HORAUD",
            "T_gripper_camera": [
                [
                    0.7030754532516963,
                    0.7111142367023366,
                    -0.001203907876499819,
                    -41.661307591648516
                ],
                [
                    -0.7111149166968667,
                    0.7030757637555515,
                    -0.00021370717428932548,
                    -43.97586139184454
                ],
                [
                    0.0006944682356388677,
                    0.0010063691177344771,
                    0.9999992524672549,
                    27.86304602433282
                ],
                [
                    0.0,
                    0.0,
                    0.0,
                    1.0
                ]
            ],
            "T_camera_gripper": [
                [
                    0.7030754532516963,
                    -0.7111149166968667,
                    0.0006944682356388677,
                    -2.000198292689911
                ],
                [
                    0.7111142367023366,
                    0.7030757637555515,
                    0.0010063691177344771,
                    60.51627077389087
                ],
                [
                    -0.001203907876499819,
                    -0.00021370717428932548,
                    0.9999992524672549,
                    -27.922579529223395
                ],
                [
                    0.0,
                    0.0,
                    0.0,
                    1.0
                ]
            ],
            "T_cam2gripper": [
                [
                    0.7030754532516963,
                    0.7111142367023366,
                    -0.001203907876499819,
                    -41.661307591648516
                ],
                [
                    -0.7111149166968667,
                    0.7030757637555515,
                    -0.00021370717428932548,
                    -43.97586139184454
                ],
                [
                    0.0006944682356388677,
                    0.0010063691177344771,
                    0.9999992524672549,
                    27.86304602433282
                ],
                [
                    0.0,
                    0.0,
                    0.0,
                    1.0
                ]
            ],
            "t_gripper_camera_mm": [
                -41.661307591648516,
                -43.97586139184454,
                27.86304602433282
            ],
            "validation": {
                "target_position_mean_mm": [
                    368.5518232584689,
                    235.62758017189813,
                    13.711016595489435
                ],
                "target_position_std_mm": [
                    1.1325653065438201,
                    1.9915475655779182,
                    2.404459301498874
                ],
                "target_position_error_mean_mm": 2.9625044551963837,
                "target_position_error_rms_mm": 3.3212031573076772,
                "target_position_error_max_mm": 6.07720368547804,
                "target_position_samples_mm": [
                    [
                        370.600055458518,
                        235.95282017333537,
                        15.975149085996463
                    ],
                    [
                        368.26636698726725,
                        232.55135545583838,
                        9.820487744209345
                    ],
                    [
                        368.54025518206356,
                        231.02501293982084,
                        9.742560259758307
                    ],
                    [
                        367.2487415526418,
                        232.90664624897946,
                        9.173030617788584
                    ],
                    [
                        368.79433564494343,
                        236.01159810607828,
                        11.125660806699415
                    ],
                    [
                        369.8845946319669,
                        235.68440010514033,
                        15.311644943774098
                    ],
                    [
                        367.0144258193187,
                        237.80114929406227,
                        15.441339920043617
                    ],
                    [
                        366.83498746669613,
                        236.27471377473182,
                        12.505421988030434
                    ],
                    [
                        369.6573140270287,
                        238.65731735581676,
                        16.212976493900584
                    ],
                    [
                        367.6080779882848,
                        234.61563829162057,
                        12.154339001306141
                    ],
                    [
                        368.06810870891434,
                        235.6637338164061,
                        15.192144748683631
                    ],
                    [
                        368.3152462727196,
                        235.79023375165704,
                        15.81243223703376
                    ],
                    [
                        368.15439979036694,
                        236.2109310560582,
                        14.110119937299544
                    ],
                    [
                        369.730298470461,
                        236.0270332536131,
                        14.039449118599038
                    ],
                    [
                        369.6553690389641,
                        235.2732980458008,
                        14.371103383588945
                    ],
                    [
                        366.85130619548465,
                        238.19889731545277,
                        13.187610379570515
                    ],
                    [
                        368.79766402434694,
                        238.50522699074918,
                        17.72101064533922
                    ],
                    [
                        369.9112713924544,
                        234.14643711900504,
                        14.90181740718819
                    ]
                ]
            },
            "quality": {
                "max_std_mm": 2.404459301498874,
                "rms_mm": 3.3212031573076772,
                "level": "좋음 - pick-and-place 시연에 적당"
            },
            "score": 3.9223179826823955
        },
        "zyx:DANIILIDIS": {
            "euler_order": "zyx",
            "method": "DANIILIDIS",
            "T_gripper_camera": [
                [
                    0.7200000608070521,
                    0.693965540403551,
                    -0.003426539106557035,
                    -37.7273166598267
                ],
                [
                    -0.6937414902203614,
                    0.7196222549882741,
                    -0.029437304095714475,
                    -46.75479236461831
                ],
                [
                    -0.01796266084614008,
                    0.023571993084991333,
                    0.9995607555108033,
                    30.69967298280377
                ],
                [
                    0.0,
                    0.0,
                    0.0,
                    1.0
                ]
            ],
            "T_camera_gripper": [
                [
                    0.7200000608070521,
                    -0.6937414902203614,
                    -0.01796266084614008,
                    -4.720621226934233
                ],
                [
                    0.693965540403551,
                    0.7196222549882741,
                    0.023571993084991333,
                    59.10359432748555
                ],
                [
                    -0.003426539106557035,
                    -0.029437304095714475,
                    0.9995607555108033,
                    -32.19179748731555
                ],
                [
                    0.0,
                    0.0,
                    0.0,
                    1.0
                ]
            ],
            "T_cam2gripper": [
                [
                    0.7200000608070521,
                    0.693965540403551,
                    -0.003426539106557035,
                    -37.7273166598267
                ],
                [
                    -0.6937414902203614,
                    0.7196222549882741,
                    -0.029437304095714475,
                    -46.75479236461831
                ],
                [
                    -0.01796266084614008,
                    0.023571993084991333,
                    0.9995607555108033,
                    30.69967298280377
                ],
                [
                    0.0,
                    0.0,
                    0.0,
                    1.0
                ]
            ],
            "t_gripper_camera_mm": [
                -37.7273166598267,
                -46.75479236461831,
                30.69967298280377
            ],
            "validation": {
                "target_position_mean_mm": [
                    383.0754650011206,
                    232.22373034236236,
                    17.260119191458266
                ],
                "target_position_std_mm": [
                    1.2556918995245532,
                    2.9613694758723117,
                    2.821787688276568
                ],
                "target_position_error_mean_mm": 3.5596465114134284,
                "target_position_error_rms_mm": 4.278896712573119,
                "target_position_error_max_mm": 8.57577272297428,
                "target_position_samples_mm": [
                    [
                        386.03168299611195,
                        232.86163312304947,
                        20.31302179554899
                    ],
                    [
                        383.4073019475682,
                        227.44067067573934,
                        12.698176822299274
                    ],
                    [
                        384.2677058870056,
                        226.69322742770427,
                        12.226024053449237
                    ],
                    [
                        384.34508095122226,
                        228.38605511019873,
                        13.832684801514631
                    ],
                    [
                        381.8794339935084,
                        233.88383661492847,
                        18.019352812233365
                    ],
                    [
                        383.7209666860512,
                        231.18093229069524,
                        17.219722317366177
                    ],
                    [
                        381.6259298477328,
                        234.49518387226055,
                        17.64081252342129
                    ],
                    [
                        382.99490972436104,
                        230.61265381574665,
                        14.036420383606526
                    ],
                    [
                        382.98728002897764,
                        237.32460662420925,
                        21.818248593321357
                    ],
                    [
                        383.22914608383905,
                        231.9757996341263,
                        17.71248938973332
                    ],
                    [
                        382.98864951578025,
                        233.4154840435904,
                        18.668713608163728
                    ],
                    [
                        382.4454703112733,
                        233.99846294309623,
                        19.833164075691883
                    ],
                    [
                        382.9890634148527,
                        232.8993757074339,
                        17.922766620219164
                    ],
                    [
                        381.8571812982605,
                        232.7880072697191,
                        17.710426875434507
                    ],
                    [
                        384.23299401109443,
                        231.22338334734002,
                        15.418105768479506
                    ],
                    [
                        382.66719940864107,
                        233.45480689281962,
                        16.0732374056185
                    ],
                    [
                        380.1009054851369,
                        238.13373282568932,
                        22.71610160794839
                    ],
                    [
                        383.5874684287533,
                        229.25929394417506,
                        16.822675992198896
                    ]
                ]
            },
            "quality": {
                "max_std_mm": 2.9613694758723117,
                "rms_mm": 4.278896712573119,
                "level": "좋음 - pick-and-place 시연에 적당"
            },
            "score": 5.019239081541198
        },
        "zxy:TSAI": {
            "euler_order": "zxy",
            "method": "TSAI",
            "T_gripper_camera": [
                [
                    0.8163365058556694,
                    0.513583793499573,
                    -0.26424684721287567,
                    -16.105369076351245
                ],
                [
                    -0.01979762235790965,
                    0.4821221574918225,
                    0.8758802882839664,
                    -108.52494737762449
                ],
                [
                    0.5772371811970626,
                    -0.7097815947952006,
                    0.40374165543531826,
                    -38.69897324109368
                ],
                [
                    0.0,
                    0.0,
                    0.0,
                    1.0
                ]
            ],
            "T_camera_gripper": [
                [
                    0.8163365058556694,
                    -0.01979762235790965,
                    0.5772371811970626,
                    33.33735102161977
                ],
                [
                    0.513583793499573,
                    0.4821221574918225,
                    -0.7097815947952006,
                    33.12591937332974
                ],
                [
                    -0.26424684721287567,
                    0.8758802882839664,
                    0.40374165543531826,
                    106.4234567134967
                ],
                [
                    0.0,
                    0.0,
                    0.0,
                    1.0
                ]
            ],
            "T_cam2gripper": [
                [
                    0.8163365058556694,
                    0.513583793499573,
                    -0.26424684721287567,
                    -16.105369076351245
                ],
                [
                    -0.01979762235790965,
                    0.4821221574918225,
                    0.8758802882839664,
                    -108.52494737762449
                ],
                [
                    0.5772371811970626,
                    -0.7097815947952006,
                    0.40374165543531826,
                    -38.69897324109368
                ],
                [
                    0.0,
                    0.0,
                    0.0,
                    1.0
                ]
            ],
            "t_gripper_camera_mm": [
                -16.105369076351245,
                -108.52494737762449,
                -38.69897324109368
            ],
            "validation": {
                "target_position_mean_mm": [
                    134.77479991918227,
                    191.34120176785018,
                    83.6967434207252
                ],
                "target_position_std_mm": [
                    46.35140860682666,
                    64.68383032392177,
                    49.73426066937685
                ],
                "target_position_error_mean_mm": 83.99997292951213,
                "target_position_error_rms_mm": 93.84001102696243,
                "target_position_error_max_mm": 166.03773014024404,
                "target_position_samples_mm": [
                    [
                        152.6832806131629,
                        226.35772921268048,
                        106.91179123173242
                    ],
                    [
                        209.15157449435623,
                        238.71178988149444,
                        96.05718236932245
                    ],
                    [
                        45.92030439798407,
                        87.86436204080155,
                        16.459474542253986
                    ],
                    [
                        126.7490885044806,
                        259.30104337433255,
                        119.58145572563973
                    ],
                    [
                        145.30873270585536,
                        274.53097643277863,
                        140.48044589583589
                    ],
                    [
                        179.5556560255783,
                        178.04887941794848,
                        52.71301715690785
                    ],
                    [
                        142.46140042846096,
                        225.1494320710513,
                        127.4968733199324
                    ],
                    [
                        45.539127715721236,
                        149.28224138233134,
                        64.22399551717302
                    ],
                    [
                        143.1466254737627,
                        242.41000929692,
                        129.01019563527518
                    ],
                    [
                        83.01680557031668,
                        187.84861284243343,
                        62.471265538800594
                    ],
                    [
                        135.70053181905777,
                        204.71579449145614,
                        105.27680865944379
                    ],
                    [
                        108.00907193563097,
                        147.1551618144144,
                        60.068193876423265
                    ],
                    [
                        160.8717991210462,
                        241.17971115661496,
                        122.90937642251598
                    ],
                    [
                        173.19013039433145,
                        102.82840808362849,
                        -19.13120322213402
                    ],
                    [
                        65.89989737205238,
                        47.70531953203593,
                        36.861831617806615
                    ],
                    [
                        190.10619230092087,
                        286.09070610290297,
                        178.24721797555287
                    ],
                    [
                        152.66470856179927,
                        196.10899427671384,
                        91.78423232051367
                    ],
                    [
                        165.97147111076248,
                        148.85246041076462,
                        15.119226990057939
                    ]
                ]
            },
            "quality": {
                "max_std_mm": 64.68383032392177,
                "rms_mm": 93.84001102696243,
                "level": "매우 나쁨 - 좌표계/Euler/보드/샘플 오류 가능성 큼"
            },
            "score": 110.01096860794287
        },
        "zxy:PARK": {
            "euler_order": "zxy",
            "method": "PARK",
            "T_gripper_camera": [
                [
                    0.8402317236543703,
                    0.46531214420503736,
                    -0.27837970296003184,
                    -2.0486516468860034
                ],
                [
                    0.5086121917927112,
                    -0.49838783880188847,
                    0.7020848955035249,
                    -28.860096491809944
                ],
                [
                    -0.18794756961615305,
                    0.7315013127737311,
                    0.655424702376778,
                    8.435004187342205
                ],
                [
                    0.0,
                    0.0,
                    0.0,
                    1.0
                ]
            ],
            "T_camera_gripper": [
                [
                    0.8402317236543703,
                    0.5086121917927112,
                    -0.18794756961615305,
                    17.985277573192025
                ],
                [
                    0.46531214420503736,
                    -0.49838783880188847,
                    0.7315013127737311,
                    -19.600475263918156
                ],
                [
                    -0.27837970296003184,
                    0.7020848955035249,
                    0.655424702376778,
                    14.163424683709685
                ],
                [
                    0.0,
                    0.0,
                    0.0,
                    1.0
                ]
            ],
            "T_cam2gripper": [
                [
                    0.8402317236543703,
                    0.46531214420503736,
                    -0.27837970296003184,
                    -2.0486516468860034
                ],
                [
                    0.5086121917927112,
                    -0.49838783880188847,
                    0.7020848955035249,
                    -28.860096491809944
                ],
                [
                    -0.18794756961615305,
                    0.7315013127737311,
                    0.655424702376778,
                    8.435004187342205
                ],
                [
                    0.0,
                    0.0,
                    0.0,
                    1.0
                ]
            ],
            "t_gripper_camera_mm": [
                -2.0486516468860034,
                -28.860096491809944,
                8.435004187342205
            ],
            "validation": {
                "target_position_mean_mm": [
                    195.04841387726,
                    134.40722001859785,
                    -37.62027622223596
                ],
                "target_position_std_mm": [
                    69.53144315758588,
                    78.53017623767722,
                    44.485640848490036
                ],
                "target_position_error_mean_mm": 101.02710028688435,
                "target_position_error_rms_mm": 113.93235892053708,
                "target_position_error_max_mm": 204.52663090759475,
                "target_position_samples_mm": [
                    [
                        231.04717272196137,
                        179.46962842736195,
                        -21.878214919036168
                    ],
                    [
                        334.0117716188872,
                        125.76231746909077,
                        -57.62314982039615
                    ],
                    [
                        150.68150938587377,
                        -33.536547815892916,
                        -120.43732171544394
                    ],
                    [
                        315.4832037786592,
                        138.57166900442874,
                        -46.03300812872692
                    ],
                    [
                        181.47112209601346,
                        264.112167752012,
                        37.709098341540056
                    ],
                    [
                        167.42123822182833,
                        137.80916682193143,
                        -42.56854273289957
                    ],
                    [
                        215.95322959138605,
                        170.06349150878165,
                        -14.338075988906382
                    ],
                    [
                        97.1630701315934,
                        55.064428917314274,
                        -76.08006751026642
                    ],
                    [
                        137.28323955053733,
                        228.09490888056496,
                        34.55736832359631
                    ],
                    [
                        212.51860719603718,
                        128.2456849188531,
                        -68.72292526070322
                    ],
                    [
                        257.3061527731662,
                        142.84514658904453,
                        -37.704152314699286
                    ],
                    [
                        191.5719538544086,
                        100.85746786141898,
                        -61.009914788409276
                    ],
                    [
                        232.59238233644498,
                        197.68326368306958,
                        -6.670044255295352
                    ],
                    [
                        121.34121822101568,
                        65.62202329992923,
                        -90.02906442120303
                    ],
                    [
                        45.81648574005871,
